image: carter_LEfloor_navigation.png
resolution: 0.05
origin: [-0.17500000298023224, -0.17500000298023224, 0.0000]
negate: 0
occupied_thresh: 0.65
free_thresh: 0.196
