image: carter_warehouse_build_navigation.png
resolution: 0.05
origin: [-4.275000190734863, -3.175000047683716, 0.0000]
negate: 0
occupied_thresh: 0.65
free_thresh: 0.196
